00010100001000000000000000000000
01010000000100000000000000000000
00010000001000000000000000000000
00010000010000000000000000000001
00010000011000000000000000000001
00010000100000000000000000000100
00010011111000000000000000000000
01100000000000000000000000000000
01100000000000000000000000000000
01100000000000000000000000000000
01100000000000000000000000000000
01100000000000000000000000000000
01100000000000000000000000000000
01100000000000000000000000000000
00011000000000000100000000000000
01100000000000000000000000000000
01100000000000000000000000000000
01100000000000000000000000000000
01100000000000000000000000000000
01100000000000000000000000000000
01100000000000000000000000000000
01100000000000000000000000000000
01001000000000000000000011000000
01100000000000000000000000000000
01100000000000000000000000000000
01100000000000000000000000000000
01100000000000000000000000000000
01100000000000000000000000000000
01100000000000000000000000000000
01100000000000000000000000000000
00000011111000001000010000000000
01100000000000000000000000000000
01100000000000000000000000000000
01100000000000000000000000000000
01100000000000000000000000000000
01100000000000000000000000000000
01100000000000000000000000000000
01100000000000000000000000000000
00001000001000010000000000000000
01100000000000000000000000000000
01100000000000000000000000000000
01100000000000000000000000000000
01100000000000000000000000000000
01100000000000000000000000000000
01100000000000000000000000000000
01100000000000000000000000000000
00001000010011111000000000000000
01100000000000000000000000000000
01100000000000000000000000000000
01100000000000000000000000000000
01100000000000000000000000000000
01100000000000000000000000000000
01100000000000000000000000000000
01100000000000000000000000000000
10111000000000000000011000000000
01100000000000000000000000000000
01100000000000000000000000000000
01100000000000000000000000000000
01100000000000000000000000000000
01100000000000000000000000000000
01100000000000000000000000000000
01100000000000000000000000000000
00111111111111111111111101000000
01100000000000000000000000000000
01100000000000000000000000000000
01100000000000000000000000000000
01100000000000000000000000000000
01100000000000000000000000000000
01100000000000000000000000000000
01100000000000000000000000000000
01011000100011111000000000000000
01101000000000000000000000000000
01101000000000000000000000000000
01101000000000000000000000000000
01101000000000000000000000000000
01101000000000000000000000000000
01101000000000000000000000000000
01101000000000000000000000000000
01101000000000000000000000000000
01101000000000000000000000000000
01101000000000000000000000000000
