00010000000000000000100011010100
01100000000000000000000000000000
01100000000000000000000000000000
01100000000000000000000000000000
01100000000000000000000000000000
01100000000000000000000000000000
01100000000000000000000000000000
01100000000000000000000000000000
00010000001000000000001100110000
01100000000000000000000000000000
01100000000000000000000000000000
01100000000000000000000000000000
01100000000000000000000000000000
01100000000000000000000000000000
01100000000000000000000000000000
01100000000000000000000000000000
00010000010000000000000000000000
01100000000000000000000000000000
01100000000000000000000000000000
01100000000000000000000000000000
01100000000000000000000000000000
01100000000000000000000000000000
01100000000000000000000000000000
01100000000000000000000000000000
00010100001000000000000000000000
01100000000000000000000000000000
01100000000000000000000000000000
01100000000000000000000000000000
01100000000000000000000000000000
01100000000000000000000000000000
01100000000000000000000000000000
01100000000000000000000000000000
00011000000000001100000000000000
01100000000000000000000000000000
01100000000000000000000000000000
01100000000000000000000000000000
01100000000000000000000000000000
01100000000000000000000000000000
01100000000000000000000000000000
01100000000000000000000000000000
01001000000000000000000011100000
01100000000000000000000000000000
01100000000000000000000000000000
01100000000000000000000000000000
01100000000000000000000000000000
01100000000000000000000000000000
01100000000000000000000000000000
01100000000000000000000000000000
00100000000000000000001000000000
01100000000000000000000000000000
01100000000000000000000000000000
01100000000000000000000000000000
01100000000000000000000000000000
01100000000000000000000000000000
01100000000000000000000000000000
01100000000000000000000000000000
01001000000000000000000001100000
01100000000000000000000000000000
01100000000000000000000000000000
01100000000000000000000000000000
01100000000000000000000000000000
01100000000000000000000000000000
01100000000000000000000000000000
01100000000000000000000000000000
10111000001000001000000000000000
01100000000000000000000000000000
01100000000000000000000000000000
01100000000000000000000000000000
01100000000000000000000000000000
01100000000000000000000000000000
01100000000000000000000000000000
01100000000000000000000000000000
00111111111111111111111101100000
01100000000000000000000000000000
01100000000000000000000000000000
01100000000000000000000000000000
01100000000000000000000000000000
01100000000000000000000000000000
01100000000000000000000000000000
01100000000000000000000000000000
10111000000000000000001000000000
01100000000000000000000000000000
01100000000000000000000000000000
01100000000000000000000000000000
01100000000000000000000000000000
01100000000000000000000000000000
01100000000000000000000000000000
01100000000000000000000000000000
00111111111111111111111100100000
01100000000000000000000000000000
01100000000000000000000000000000
01100000000000000000000000000000
01100000000000000000000000000000
01100000000000000000000000000000
01100000000000000000000000000000
01100000000000000000000000000000
00001011111000000000000000000000
01100000000000000000000000000000
01100000000000000000000000000000
01100000000000000000000000000000
01100000000000000000000000000000
01100000000000000000000000000000
01100000000000000000000000000000
01100000000000000000000000000000
01011000100011111000000000000000
01101000000000000000000000000000
01101000000000000000000000000000
01101000000000000000000000000000
01101000000000000000000000000000
01101000000000000000000000000000
01101000000000000000000000000000
01101000000000000000000000000000
01101000000000000000000000000000
01100000000000000000000000000000
01100000000000000000000000000000
01100000000000000000000000000000
